control_kp: 0.00959
control_ki: 0.00049
control_kd: 0.0
control_K: 1.0